0 0.898177 0.834444 0.084896 0.271111
0 0.773438 0.855556 0.097917 0.282222
0 0.661719 0.848333 0.095312 0.265556
0 0.550521 0.849444 0.104167 0.241111
0 0.432292 0.843889 0.104167 0.256667
0 0.320052 0.847778 0.095312 0.260000
0 0.203906 0.842778 0.094271 0.265556
0 0.092448 0.845000 0.095312 0.265556
0 0.097135 0.507778 0.101562 0.311111
0 0.086979 0.177222 0.093750 0.278889
0 0.210938 0.183889 0.092708 0.298889
0 0.216406 0.516111 0.094271 0.312222
0 0.326562 0.173889 0.110417 0.290000
0 0.436979 0.171667 0.092708 0.285556
0 0.328906 0.511667 0.100521 0.298889
0 0.448177 0.524444 0.095312 0.284444
0 0.546875 0.174444 0.104167 0.280000
0 0.558073 0.502222 0.101562 0.317778
0 0.673958 0.513333 0.093750 0.273333
0 0.780469 0.521111 0.094271 0.284444
0 0.910156 0.518889 0.094271 0.284444
0 0.671354 0.180000 0.091667 0.322222
0 0.784896 0.180000 0.092708 0.311111
0 0.895573 0.180000 0.084896 0.306667
