0 0.869000 0.868333 0.202000 0.240000
0 0.630000 0.853333 0.184000 0.196667
0 0.395000 0.896667 0.194000 0.166667
0 0.148000 0.897500 0.232000 0.145000
0 0.130000 0.656667 0.224000 0.270000
0 0.373000 0.655833 0.250000 0.301667
0 0.628000 0.627500 0.208000 0.215000
0 0.879000 0.621667 0.214000 0.226667
0 0.863000 0.355833 0.250000 0.261667
0 0.620000 0.362500 0.216000 0.245000
0 0.377000 0.349167 0.222000 0.245000
0 0.126000 0.358333 0.200000 0.256667
0 0.185000 0.126667 0.102000 0.170000
0 0.080000 0.116667 0.116000 0.176667
0 0.362000 0.100000 0.180000 0.173333
0 0.610000 0.120000 0.184000 0.203333
0 0.870000 0.105000 0.224000 0.190000
